TÀI SẢN,Quý 1 năm 2005,Quý 2 năm 2005,Quý 3 năm 2005,Quý 4 năm 2005,Quý 1 năm 2006,Quý 2 năm 2006,Quý 3 năm 2006,Quý 4 năm 2006,Quý 1 năm 2007,Quý 2 năm 2007,Quý 3 năm 2007,Quý 4 năm 2007,Quý 1 năm 2008,Quý 2 năm 2008,Quý 3 năm 2008,Quý 4 năm 2008,Quý 1 năm 2009,Quý 2 năm 2009,Quý 3 năm 2009,Quý 4 năm 2009,Quý 1 năm 2010,Quý 2 năm 2010,Quý 3 năm 2010,Quý 4 năm 2010,Quý 1 năm 2011,Quý 2 năm 2011,Quý 3 năm 2011,Quý 4 năm 2011,Quý 1 năm 2012,Quý 2 năm 2012,Quý 3 năm 2012,Quý 4 năm 2012,Quý 1 năm 2013,Quý 2 năm 2013,Quý 3 năm 2013,Quý 4 năm 2013,Quý 1 năm 2014,Quý 2 năm 2014,Quý 3 năm 2014,Quý 4 năm 2014,Quý 1 năm 2015,Quý 2 năm 2015,Quý 3 năm 2015,Quý 4 năm 2015,Quý 1 năm 2016,Quý 2 năm 2016,Quý 3 năm 2016,Quý 4 năm 2016,Quý 1 năm 2017,Quý 2 năm 2017,Quý 3 năm 2017,Quý 4 năm 2017,Quý 1 năm 2018,Quý 2 năm 2018,Quý 3 năm 2018,Quý 4 năm 2018,Quý 1 năm 2019,Quý 2 năm 2019,Quý 3 năm 2019,Quý 4 năm 2019,Quý 1 năm 2020,Quý 2 năm 2020,Quý 3 năm 2020,Quý 4 năm 2020,Quý 1 năm 2021,Quý 2 năm 2021,Quý 3 năm 2021,Quý 4 năm 2021,Quý 1 năm 2022,Quý 2 năm 2022,Quý 3 năm 2022,Quý 4 năm 2022,Quý 1 năm 2023,Quý 2 năm 2023,Quý 3 năm 2023,Quý 4 năm 2023,Quý 1 năm 2024,Quý 2 năm 2024,Quý 3 năm 2024,Quý 4 năm 2024
A- TÀI SẢN NGẮN HẠN,,,,,,,,,,,,,,,,,,"264,172,834,896","264,172,834,896","264,172,834,896","267,922,597,555","267,922,597,555","267,922,597,555","267,922,597,555","435,457,245,250","435,457,245,250","435,457,245,250","435,457,245,250","455,908,799,938","455,908,799,938","455,908,799,938","455,908,799,938","514,827,070,662","514,827,070,662","514,827,070,662","514,827,070,662","569,677,142,510","569,677,142,510","569,677,142,510","569,677,142,510",,"611,723,863,572",,,"426,099,050,701","515,943,220,081","486,605,294,951","484,820,120,206","448,260,718,601","674,067,723,864","737,307,761,267","699,027,518,910","665,256,023,042","546,800,080,393","619,138,138,693","680,139,901,007","607,185,115,726","628,399,077,576","572,970,490,683","529,308,424,168","679,204,182,685","671,036,631,028","786,185,877,006","708,702,169,536","625,800,808,585","755,838,275,656","585,672,667,345","513,972,651,965","520,996,092,585","505,874,519,432","494,211,960,250","420,426,244,191","408,613,944,983","478,453,731,343","569,022,882,366","405,282,632,150","438,141,066,012","555,499,213,546","508,226,187,556","502,767,741,948"
I. Tiền và các khoản tương đương tiền,,,,,,,,,,,,,,,,,,"5,146,052,614","5,146,052,614","5,146,052,614","9,546,284,869","9,546,284,869","9,546,284,869","9,546,284,869","41,895,010,236","41,895,010,236","41,895,010,236","41,895,010,236","19,778,199,094","19,778,199,094","19,778,199,094","19,778,199,094","170,635,091,926","170,635,091,926","170,635,091,926","170,635,091,926","179,071,287,723","179,071,287,723","179,071,287,723","179,071,287,723",,"176,950,149,229",,,"132,296,036,083","286,432,091,415","264,382,131,015","253,804,632,311","242,268,767,001","353,122,149,770","368,760,531,550","270,903,591,579","227,215,643,836","138,559,360,383","239,863,257,531","324,544,193,073","220,500,677,347","235,792,865,383","162,059,860,180","83,481,571,711","102,967,000,962","110,228,273,077","159,472,936,081","184,487,903,019","120,181,497,562","190,618,353,054","66,343,310,119","217,866,344,601","154,550,521,299","144,354,940,042","46,852,268,243","55,949,175,284","24,304,772,253","20,854,898,663","41,714,315,011","24,973,613,327","48,397,618,309","35,989,892,639","53,174,541,864","45,129,107,887"
1. Tiền,,,,,,,,,,,,,,,,,,"5,146,052,614","5,146,052,614","5,146,052,614","9,546,284,869","9,546,284,869","9,546,284,869","9,546,284,869","41,895,010,236","41,895,010,236","41,895,010,236","41,895,010,236","19,778,199,094","19,778,199,094","19,778,199,094","19,778,199,094","170,635,091,926","170,635,091,926","170,635,091,926","170,635,091,926","179,071,287,723","179,071,287,723","179,071,287,723","179,071,287,723",,"176,950,149,229",,,"65,296,036,083","76,720,791,415","85,770,831,015","82,193,332,311","98,857,467,001","138,122,149,770","158,710,531,550","75,226,768,928","59,338,275,188","44,285,511,344","120,680,569,467","64,934,553,851","73,872,811,274","43,676,646,062","60,421,072,145","72,040,933,216","99,289,747,404","64,554,300,563","68,036,122,769","55,824,576,206","65,195,491,559","93,006,396,480","47,794,140,857","184,732,011,159","129,545,421,376","137,514,128,994","40,014,180,393","51,862,481,737","21,240,081,430","17,670,876,046","41,552,949,530","21,672,639,390","45,084,713,610","28,597,842,161","45,774,527,323","37,652,696,125"
2. Các khoản tương đương tiền,,,,,,,,,,,,,,,,,,,,,,,,,,,,,,,,,,,,,,,,,,,,,"67,000,000,000","209,711,300,000","178,611,300,000","171,611,300,000","143,411,300,000","215,000,000,000","210,050,000,000","195,676,822,651","167,877,368,648","94,273,849,039","119,182,688,064","259,609,639,222","146,627,866,073","192,116,219,321","101,638,788,035","11,440,638,495","3,677,253,558","45,673,972,514","91,436,813,312","128,663,326,813","54,986,006,003","97,611,956,574","18,549,169,262","33,134,333,442","25,005,099,923","6,840,811,048","6,838,087,850","4,086,693,547","3,064,690,823","3,184,022,617","161,365,481","3,300,973,937","3,312,904,699","7,392,050,478","7,400,014,541","7,476,411,762"
II. Các khoản đầu tư tài chính ngắn hạn,,,,,,,,,,,,,,,,,,,,,,,,,,,,,,,,,,,,,"6,000,000,000","6,000,000,000","6,000,000,000","6,000,000,000",,"6,000,000,000",,,"47,388,700,000","7,000,000,000","7,000,000,000","19,111,576,980","12,500,000,000","79,000,000,000","77,500,000,000","85,000,000,000","74,438,000,000","94,500,000,000","49,500,000,000",,,,,,,,,,,,,,,,,,,,"3,035,657,136",,,,,
1. Chứng khoán kinh doanh,,,,,,,,,,,,,,,,,,,,,,,,,,,,,,,,,,,,,,,,,,,,,,,,,,,,,,,,,,,,,,,,,,,,,,,,,,,,,,,,
2. Dự phòng giảm giá chứng khoán kinh doanh,,,,,,,,,,,,,,,,,,,,,,,,,,,,,,,,,,,,,,,,,,,,,,,,,,,,,,,,,,,,,,,,,,,,,,,,,,,,,,,,
3. Đầu tư nắm giữ đến ngày đáo hạn,,,,,,,,,,,,,,,,,,,,,,,,,,,,,,,,,,,,,,,,,,"6,000,000,000",,,"47,388,700,000","7,000,000,000","7,000,000,000","19,111,576,980","12,500,000,000","79,000,000,000","77,500,000,000","85,000,000,000","74,438,000,000","94,500,000,000","49,500,000,000",,,,,,,,,,,,,,,,,,,,"3,035,657,136",,,,,
III. Các khoản phải thu ngắn hạn,,,,,,,,,,,,,,,,,,"134,599,130,667","134,599,130,667","134,599,130,667","160,023,064,202","160,023,064,202","160,023,064,202","160,023,064,202","255,300,836,308","255,300,836,308","255,300,836,308","255,300,836,308","228,089,864,965","228,089,864,965","228,089,864,965","228,089,864,965","154,388,029,067","154,388,029,067","154,388,029,067","154,388,029,067","238,450,496,636","238,450,496,636","238,450,496,636","238,450,496,636",,"290,583,998,773",,,"127,513,546,591","130,385,981,428","139,175,412,971","112,061,147,454","110,806,607,690","148,568,176,059","208,547,991,272","165,842,152,390","136,232,182,097","144,545,385,225","185,810,108,197","188,501,855,819","185,682,064,929","161,982,325,046","192,250,969,385","188,659,288,540","314,632,484,130","315,713,037,321","355,450,811,861","275,670,262,728","257,225,933,254","281,701,764,665","271,022,500,661","150,248,843,115","213,626,561,176","208,391,519,103","286,552,514,350","201,700,555,424","228,265,295,845","275,027,919,928","328,393,212,057","194,088,820,407","200,382,929,946","290,659,167,501","120,993,379,795","109,498,221,546"
1. Phải thu ngắn hạn của khách hàng,,,,,,,,,,,,,,,,,,"83,994,869,527","83,994,869,527","83,994,869,527","126,715,291,974","126,715,291,974","126,715,291,974","126,715,291,974","130,596,848,142","130,596,848,142","130,596,848,142","130,596,848,142","96,393,448,694","96,393,448,694","96,393,448,694","96,393,448,694","70,097,591,769","70,097,591,769","70,097,591,769","70,097,591,769","58,786,668,120","58,786,668,120","58,786,668,120","58,786,668,120",,"93,493,066,874",,,"69,888,105,149","65,152,255,746","71,631,809,694","52,408,994,040","47,738,840,924","55,233,380,559","57,188,099,139","95,473,806,668","69,798,645,139","75,864,989,322","86,091,817,518","89,506,361,979","88,322,282,224","78,470,240,058","78,157,007,352","69,447,622,607","55,701,634,783","77,090,355,097","46,881,426,499","46,644,208,927","36,141,331,794","38,797,750,520","40,503,961,364","46,387,179,917","46,009,074,335","36,278,123,949","49,807,506,482","36,196,448,326","48,943,147,059","49,059,856,904","56,558,226,356","36,061,377,499","49,637,787,460","46,924,304,865","42,661,330,258","50,010,398,809"
2. Trả trước cho người bán ngắn hạn,,,,,,,,,,,,,,,,,,"16,622,772,463","16,622,772,463","16,622,772,463","24,098,302,931","24,098,302,931","24,098,302,931","24,098,302,931","113,123,970,800","113,123,970,800","113,123,970,800","113,123,970,800","127,326,257,157","127,326,257,157","127,326,257,157","127,326,257,157","75,076,837,666","75,076,837,666","75,076,837,666","75,076,837,666","176,592,789,575","176,592,789,575","176,592,789,575","176,592,789,575",,"181,975,960,457",,,"40,826,994,743","45,903,048,940","38,508,674,952","35,949,307,946","43,402,652,926","34,715,594,831","39,481,658,225","63,854,853,249","60,394,696,229","63,079,344,458","96,859,984,399","81,971,219,938","79,882,854,227","66,214,788,693","58,214,655,330","109,611,802,879","111,288,149,507","95,306,653,914","120,864,947,064","148,515,473,946","158,641,958,947","167,671,122,669","160,752,257,333","31,071,181,319","87,233,487,683","81,840,963,372","83,926,155,312","19,231,740,554","21,918,389,984","30,842,201,406","41,969,499,775","57,257,948,960","60,879,261,976","169,790,731,740","49,316,461,301","24,802,388,884"
3. Phải thu nội bộ ngắn hạn,,,,,,,,,,,,,,,,,,,,,,,,,,,,,,,,,,,,,,,,,,,,,,,,,,,,,,,,,,,,,,,,,,,,,,,,,,,,,,,,
4. Phải thu theo tiến độ kế hoạch hợp đồng xây dựng,,,,,,,,,,,,,,,,,,,,,,,,,,,,,,,,,,,,,,,,,,,,,,,,,,"36,503,782,232","93,303,782,232",,,,,,,,,,,,,,,,,,,,,,,,,,,,,
5. Phải thu về cho vay ngắn hạn,,,,,,,,,,,,,,,,,,,,,,,,,,,,,,,,,,,,,,,,,,,,,,,,,,,,,,,,"14,500,000,000","14,500,000,000","14,500,000,000","5,500,000,000","5,500,000,000","5,500,000,000","5,500,000,000","5,500,000,000","5,500,000,000",,,,,,,,,,,"1,044,576,000","8,558,459,578",,"2,039,206,561","1,000,000,000",
6. Phải thu ngắn hạn khác,,,,,,,,,,,,,,,,,,"33,981,488,677","33,981,488,677","33,981,488,677","10,225,558,666","10,225,558,666","10,225,558,666","10,225,558,666","12,743,298,028","12,743,298,028","12,743,298,028","12,743,298,028","7,620,811,563","7,620,811,563","7,620,811,563","7,620,811,563","17,373,980,235","17,373,980,235","17,373,980,235","17,373,980,235","12,187,599,286","12,187,599,286","12,187,599,286","12,187,599,286",,"24,231,531,787",,,"26,772,141,878","29,304,371,921","41,388,373,542","36,229,211,726","32,538,510,000","34,988,814,597","30,534,933,950","18,473,974,747","18,950,781,537","16,372,952,231","14,678,243,382","14,344,211,004","14,390,296,740","14,210,664,557","61,792,674,965","15,513,231,316","154,412,206,417","150,085,534,887","196,210,883,889","89,017,025,446","75,615,507,413","88,405,756,376","84,602,004,170","87,626,204,085","95,245,502,442","105,133,935,066","168,546,649,032","162,000,163,020","174,222,556,478","211,944,659,294","246,281,522,836","109,671,647,280","107,540,641,639","89,489,685,464","45,308,170,734","51,978,016,351"
7. Dự phòng phải thu ngắn hạn khó đòi,,,,,,,,,,,,,,,,,,,,,"-1,016,089,369","-1,016,089,369","-1,016,089,369","-1,016,089,369","-1,163,280,662","-1,163,280,662","-1,163,280,662","-1,163,280,662","-3,250,652,449","-3,250,652,449","-3,250,652,449","-3,250,652,449","-8,160,380,603","-8,160,380,603","-8,160,380,603","-8,160,380,603","-9,116,560,345","-9,116,560,345","-9,116,560,345","-9,116,560,345",,"-9,116,560,345",,,"-9,973,695,179","-9,973,695,179","-12,353,445,217","-12,526,366,258","-12,873,396,160","-12,873,396,160","-11,960,482,274","-11,960,482,274","-12,911,940,808","-10,771,900,786","-11,819,937,102","-11,819,937,102","-11,413,368,262","-11,413,368,262","-11,413,368,262","-11,413,368,262","-12,269,506,577","-12,269,506,577","-14,006,445,591","-14,006,445,591","-13,172,864,900","-13,172,864,900","-14,835,722,206","-14,835,722,206","-14,861,503,284","-14,861,503,284","-15,727,796,476","-15,727,796,476","-16,818,797,676","-16,818,797,676","-17,460,612,910","-17,460,612,910","-17,674,761,129","-17,584,761,129","-17,292,582,498","-17,292,582,498"
8. Tài sản Thiếu chờ xử lý,,,,,,,,,,,,,,,,,,,,,,,,,,,,,,,,,,,,,,,,,,,,,,,,,,,,,,,,,,,,,,,,,,,,,,,,,,,,,,,,
IV. Hàng tồn kho,,,,,,,,,,,,,,,,,,"115,626,179,209","115,626,179,209","115,626,179,209","95,109,755,107","95,109,755,107","95,109,755,107","95,109,755,107","130,145,692,578","130,145,692,578","130,145,692,578","130,145,692,578","200,903,232,959","200,903,232,959","200,903,232,959","200,903,232,959","168,090,163,067","168,090,163,067","168,090,163,067","168,090,163,067","117,624,502,707","117,624,502,707","117,624,502,707","117,624,502,707",,"109,895,883,645",,,"94,873,681,613","68,769,972,918","48,790,206,002","68,157,907,936","67,840,519,967","69,421,055,386","57,862,391,613","142,102,041,924","202,093,919,122","147,417,321,566","115,011,847,194","132,203,535,967","172,344,073,547","196,688,311,923","187,277,804,687","221,802,541,442","228,825,120,944","212,463,080,841","230,483,948,404","198,816,989,108","195,132,774,269","222,018,689,182","188,842,215,318","116,426,089,822","134,699,616,085","132,986,552,450","143,697,511,900","148,232,274,746","140,715,200,961","167,684,210,064","181,985,259,193","173,596,551,478","176,382,589,404","219,487,391,881","326,729,878,413","343,065,826,198"
1. Hàng tồn kho,,,,,,,,,,,,,,,,,,"115,626,179,209","115,626,179,209","115,626,179,209","95,109,755,107","95,109,755,107","95,109,755,107","95,109,755,107","130,145,692,578","130,145,692,578","130,145,692,578","130,145,692,578","200,903,232,959","200,903,232,959","200,903,232,959","200,903,232,959","168,090,163,067","168,090,163,067","168,090,163,067","168,090,163,067","117,624,502,707","117,624,502,707","117,624,502,707","117,624,502,707",,"109,895,883,645",,,"94,873,681,613","68,769,972,918","48,790,206,002","68,157,907,936","67,840,519,967","69,421,055,386","57,862,391,613","142,102,041,924","202,093,919,122","147,417,321,566","115,011,847,194","132,203,535,967","172,344,073,547","196,688,311,923","187,277,804,687","221,802,541,442","228,825,120,944","212,463,080,841","230,483,948,404","198,816,989,108","195,132,774,269","222,018,689,182","188,842,215,318","116,426,089,822","134,699,616,085","132,986,552,450","143,697,511,900","148,232,274,746","140,715,200,961","167,684,210,064","181,985,259,193","173,596,551,478","176,382,589,404","219,487,391,881","326,729,878,413","343,065,826,198"
2. Dự phòng giảm giá hàng tồn kho,,,,,,,,,,,,,,,,,,,,,,,,,,,,,,,,,,,,,,,,,,,,,,,,,,,,,,,,,,,,,,,,,,,,,,,,,,,,,,,,
V.Tài sản ngắn hạn khác,,,,,,,,,,,,,,,,,,"8,801,472,406","8,801,472,406","8,801,472,406","3,243,493,377","3,243,493,377","3,243,493,377","3,243,493,377","8,115,706,128","8,115,706,128","8,115,706,128","8,115,706,128","7,137,502,920","7,137,502,920","7,137,502,920","7,137,502,920","21,713,786,602","21,713,786,602","21,713,786,602","21,713,786,602","28,530,855,444","28,530,855,444","28,530,855,444","28,530,855,444",,"28,293,831,925",,,"24,027,086,414","23,355,174,320","27,257,544,963","31,684,855,525","14,844,823,943","23,956,342,649","24,636,846,832","35,179,733,017","25,276,277,987","21,778,013,219","28,952,925,771","34,890,316,148","28,658,299,903","33,935,575,224","31,381,856,431","35,365,022,475","32,779,576,649","32,632,239,789","40,778,180,660","49,727,014,681","53,260,603,500","61,499,468,755","59,464,641,247","29,431,374,427","18,119,394,025","20,141,507,837","17,109,665,757","14,544,238,737","15,328,675,924","14,886,702,688","13,894,438,969","12,623,646,938","12,977,928,353","9,362,761,525","7,328,387,484","5,074,586,317"
1. Chi phí trả trước ngắn hạn,,,,,,,,,,,,,,,,,,,,,,,,,"3,710,001","3,710,001","3,710,001","3,710,001",,,,,,,,,,,,,,,,,"1,466,003,700","2,146,008,241","1,740,320,785","822,851,076","1,996,342,216","5,921,148,463","7,050,979,540","8,103,384,813","10,072,515,528","8,363,080,943","5,044,795,766","8,093,628,313","3,229,505,793","3,317,945,757","3,120,813,937","2,082,495,634","1,873,138,273","1,517,330,863","5,669,771,971","4,787,279,063","1,395,726,715","6,766,575,628","6,607,562,946","7,863,869,269","1,499,213,680","3,248,705,883","2,645,546,937","1,812,888,294","1,548,887,848","1,885,374,662","1,556,765,819","1,982,670,018","2,181,251,807","2,079,988,249","1,919,881,414","1,933,235,866"
2. Thuế GTGT được khấu trừ,,,,,,,,,,,,,,,,,,"108,341,324","108,341,324","108,341,324","495,603,300","495,603,300","495,603,300","495,603,300","2,665,568,375","2,665,568,375","2,665,568,375","2,665,568,375","2,641,981,803","2,641,981,803","2,641,981,803","2,641,981,803","16,953,424,960","16,953,424,960","16,953,424,960","16,953,424,960","24,219,613,881","24,219,613,881","24,219,613,881","24,219,613,881",,"28,293,831,925",,,"22,561,082,714","21,209,166,079","25,517,224,178","30,861,480,305","12,847,112,227","18,035,194,186","17,585,867,292","24,481,180,984","15,192,695,545","13,414,932,276","23,857,085,005","26,759,129,501","25,382,781,415","30,597,629,467","28,261,042,494","33,282,526,841","30,906,438,376","31,114,908,926","34,981,240,686","44,812,569,922","46,322,618,296","50,535,726,501","52,726,566,803","18,875,459,066","16,620,180,345","15,231,477,682","13,728,747,988","12,731,350,443","10,983,149,036","9,585,198,718","9,380,302,808","9,886,080,381","10,208,905,255","6,412,674,267","4,246,991,220","2,970,571,739"
3. Thuế và các khoản khác phải thu Nhà nước,,,,,,,,,,,,,,,,,,,,,,,,,,,,,,,,,,,,,,,,,,,,,,,,"524,144","1,369,500",,,"2,595,167,220","11,066,914",,"51,045,000","37,558,334","46,012,695",,,,,,"127,168,003","127,165,696","5,542,258,489","4,197,166,626","130,511,498","2,692,046,092",,"1,661,324,272","735,370,832",,"2,796,639,040","3,416,129,308","2,957,370,342","754,896,539","587,771,291","870,099,009","1,161,514,850","170,778,712"
4. Giao dịch mua bán lại trái phiếu Chính phủ,,,,,,,,,,,,,,,,,,,,,,,,,,,,,,,,,,,,,,,,,,,,,,,,,,,,,,,,,,,,,,,,,,,,,,,,,,,,,,,,
5. Tài sản ngắn hạn khác,,,,,,,,,,,,,,,,,,"8,693,131,082","8,693,131,082","8,693,131,082","2,747,890,077","2,747,890,077","2,747,890,077","2,747,890,077","5,446,427,752","5,446,427,752","5,446,427,752","5,446,427,752","4,495,521,117","4,495,521,117","4,495,521,117","4,495,521,117","4,760,361,642","4,760,361,642","4,760,361,642","4,760,361,642","4,311,241,563","4,311,241,563","4,311,241,563","4,311,241,563",,,,,,,,,,,,,,,,,,"20,000,000",,,,,,,,,,,,,,,,,,,,,,
B. TÀI SẢN DÀI HẠN,,,,,,,,,,,,,,,,,,"194,083,110,867","194,083,110,867","194,083,110,867","207,786,611,161","207,786,611,161","207,786,611,161","207,786,611,161","349,972,885,951","349,972,885,951","349,972,885,951","349,972,885,951","717,611,002,284","717,611,002,284","717,611,002,284","717,611,002,284","1,230,484,914,175","1,230,484,914,175","1,230,484,914,175","1,230,484,914,175","1,925,652,076,413","1,925,652,076,413","1,925,652,076,413","1,925,652,076,413",,"2,211,148,163,103",,,"2,995,235,863,918","3,188,005,238,898","3,320,415,185,884","3,373,592,157,632","3,468,087,261,890","3,664,681,411,161","3,827,336,167,901","3,629,544,131,165","3,602,233,461,983","3,705,374,453,098","3,793,176,596,660","3,761,634,594,370","3,776,092,733,379","3,863,420,074,382","3,932,639,436,491","4,036,801,687,330","3,935,999,095,901","3,789,037,306,624","3,827,163,065,695","3,846,398,632,981","3,863,687,573,817","3,945,837,082,771","4,025,274,312,040","4,226,565,184,124","4,261,182,657,150","4,056,741,644,945","4,073,509,084,127","4,104,798,588,925","4,075,668,896,495","4,058,940,142,403","4,002,674,069,092","4,138,421,750,710","4,130,360,484,544","4,001,334,274,409","4,076,175,222,446","4,089,208,204,320"
I. Các khoản phải thu dài hạn,,,,,,,,,,,,,,,,,,,,,,,,,,,,,,,,,,,,,,,,,,"17,443,071,885",,,"3,624,571,885","7,436,148,865","7,566,148,865","3,954,571,885","3,954,571,885","5,217,454,904","5,924,488,648","5,924,488,648","7,044,463,627","9,730,579,259","37,646,829,024","9,146,066,019","9,734,515,767","9,495,179,893","10,772,796,389","11,636,807,098","12,145,790,265","11,128,790,265","6,659,663,540","11,098,375,001","14,126,592,778","14,126,592,778","13,726,592,778","13,988,696,288","14,775,728,633","14,780,728,633","14,780,728,633","14,680,728,633","15,227,086,153","15,493,733,046","15,488,733,046","15,488,733,046","16,593,000,401","16,103,000,401","16,465,239,663","16,465,239,663"
1. Phải thu dài hạn của khách hàng,,,,,,,,,,,,,,,,,,,,,,,,,,,,,,,,,,,,,,,,,,,,,,,,,,,,,,,,,,,,,,,,,,,,,,,,,,,,,,,,
2. Trả trước cho người bán dài hạn,,,,,,,,,,,,,,,,,,,,,,,,,,,,,,,,,,,,,,,,,,,,,,,,,,,,,,,,,,,,,,,,,,,,,,,,,,,,,,,,
3. Vốn kinh doanh ở đơn vị trực thuộc,,,,,,,,,,,,,,,,,,,,,,,,,,,,,,,,,,,,,,,,,,,,,,,,,,"-272,198,212",,,,"2,686,115,632","25,158,591,250",,,,,,,,,,,,,,,,,,,,,,,,,
4. Phải thu nội bộ dài hạn,,,,,,,,,,,,,,,,,,,,,,,,,,,,,,,,,,,,,,,,,,,,,,,,,,,,,,,"5,147,602,755",,,,,,,,,,,,,,,,,,,,,,,,,
5. Phải thu về cho vay dài hạn,,,,,,,,,,,,,,,,,,,,,,,,,,,,,,,,,,,,,,,,,,,,,,,,,,,,,,,,,,,,,,,,,,,,,,,,,,,,,,,,
6. Phải thu dài hạn khác,,,,,,,,,,,,,,,,,,,,,,,,,,,,,,,,,,,,,,,,,,"17,443,071,885",,,"3,624,571,885","7,436,148,865","7,566,148,865","3,954,571,885","3,954,571,885","5,489,653,116","5,924,488,648","5,924,488,648","7,044,463,627","7,044,463,627","7,340,635,019","9,146,066,019","9,734,515,767","9,495,179,893","10,772,796,389","11,636,807,098","12,145,790,265","11,128,790,265","6,659,663,540","11,098,375,001","14,126,592,778","14,126,592,778","13,726,592,778","13,988,696,288","14,775,728,633","14,780,728,633","14,780,728,633","14,680,728,633","15,227,086,153","15,493,733,046","15,488,733,046","15,488,733,046","16,593,000,401","16,103,000,401","16,465,239,663","16,465,239,663"
7. Dự phòng phải thu dài hạn khó đòi,,,,,,,,,,,,,,,,,,,,,,,,,,,,,,,,,,,,,,,,,,,,,,,,,,,,,,,,,,,,,,,,,,,,,,,,,,,,,,,,
II.Tài sản cố định,,,,,,,,,,,,,,,,,,"182,639,093,482","182,639,093,482","182,639,093,482","195,931,945,688","195,931,945,688","195,931,945,688","195,931,945,688","336,413,929,631","336,413,929,631","336,413,929,631","336,413,929,631","683,384,096,985","683,384,096,985","683,384,096,985","683,384,096,985","1,095,660,729,684","1,095,660,729,684","1,095,660,729,684","1,095,660,729,684","1,786,891,705,514","1,786,891,705,514","1,786,891,705,514","1,786,891,705,514",,"1,021,518,879,849",,,"1,421,503,223,593","2,244,639,403,949","2,210,826,484,534","2,586,509,616,964","2,548,428,516,170","2,515,436,143,174","2,516,520,723,209","2,674,358,367,105","2,641,129,930,123","2,631,540,912,787","2,624,322,814,483","2,604,311,541,601","2,591,808,358,688","2,562,608,491,974","2,530,609,799,261","2,508,459,946,267","2,479,643,086,347","2,390,643,673,392","2,362,229,460,232","2,487,873,331,105","2,454,155,131,928","2,602,903,195,489","2,599,964,981,503","3,440,433,303,702","3,436,395,813,240","3,377,959,244,189","3,343,823,606,122","3,308,069,994,935","3,276,693,938,042","3,249,694,256,209","3,220,069,665,572","3,188,573,318,570","3,152,963,719,751","3,126,083,529,034","3,094,392,732,039","3,066,524,019,592"
1. Tài sản cố định hữu hình,,,,,,,,,,,,,,,,,,"119,338,638,184","119,338,638,184","119,338,638,184","129,142,986,611","129,142,986,611","129,142,986,611","129,142,986,611","118,908,483,325","118,908,483,325","118,908,483,325","118,908,483,325","110,754,912,932","110,754,912,932","110,754,912,932","110,754,912,932","111,501,605,683","111,501,605,683","111,501,605,683","111,501,605,683","115,726,453,484","115,726,453,484","115,726,453,484","115,726,453,484",,"114,666,699,069",,,"107,066,469,188","101,303,082,104","95,178,380,827","119,247,259,300","117,295,162,518","117,016,697,960","149,902,682,383","151,778,843,122","146,330,785,671","164,331,244,300","181,942,486,882","137,617,772,082","132,008,941,302","130,461,362,434","125,738,928,141","129,454,370,165","125,368,385,200","82,894,294,645","78,682,559,741","230,876,197,753","221,098,946,816","219,943,992,683","226,891,641,910","225,305,098,356","251,879,264,791","253,197,278,029","248,972,739,978","243,058,045,710","242,193,143,395","241,397,125,085","236,902,701,345","231,078,423,587","222,266,269,670","230,479,827,267","219,904,135,854","220,811,518,385"
- Nguyên giá,,,,,,,,,,,,,,,,,,"164,794,835,318","164,794,835,318","164,794,835,318","196,026,010,392","196,026,010,392","196,026,010,392","196,026,010,392","209,732,292,241","209,732,292,241","209,732,292,241","209,732,292,241","226,297,977,917","226,297,977,917","226,297,977,917","226,297,977,917","251,121,844,352","251,121,844,352","251,121,844,352","251,121,844,352","283,228,216,535","283,228,216,535","283,228,216,535","283,228,216,535",,"290,585,272,814",,,"308,425,086,494","309,383,647,533","310,130,196,289","340,548,857,859","344,726,017,345","350,805,815,527","389,382,445,037","397,719,716,672","397,177,933,371","417,325,805,096","441,220,872,308","398,182,938,072","398,182,938,072","401,969,588,088","402,402,513,088","411,183,176,195","412,098,276,195","332,868,897,871","328,320,588,067","484,547,041,362","480,089,346,554","481,756,992,006","492,959,689,533","503,382,610,697","528,037,926,273","536,075,141,290","538,172,833,961","538,124,310,230","543,357,282,109","543,234,118,801","544,555,259,846","544,690,249,388","539,752,533,345","558,469,399,900","549,058,481,677","555,446,835,886"
- Giá trị hao mòn lũy kế,,,,,,,,,,,,,,,,,,"-45,456,197,134","-45,456,197,134","-45,456,197,134","-66,883,023,781","-66,883,023,781","-66,883,023,781","-66,883,023,781","-90,823,808,916","-90,823,808,916","-90,823,808,916","-90,823,808,916","-115,543,064,985","-115,543,064,985","-115,543,064,985","-115,543,064,985","-139,620,238,669","-139,620,238,669","-139,620,238,669","-139,620,238,669","-167,501,763,051","-167,501,763,051","-167,501,763,051","-167,501,763,051",,"-175,918,573,745",,,"-201,358,617,306","-208,080,565,429","-214,951,815,462","-221,301,598,559","-227,430,854,827","-233,789,117,567","-239,479,762,654","-245,940,873,550","-250,847,147,700","-252,994,560,796","-259,278,385,426","-260,565,165,990","-266,173,996,770","-271,508,225,654","-276,663,584,947","-281,728,806,030","-286,729,890,995","-249,974,603,226","-249,638,028,326","-253,670,843,609","-258,990,399,738","-261,812,999,323","-266,068,047,623","-278,077,512,341","-276,158,661,482","-282,877,863,261","-289,200,093,983","-295,066,264,520","-301,164,138,714","-301,836,993,716","-307,652,558,501","-313,611,825,801","-317,486,263,675","-327,989,572,633","-329,154,345,823","-334,635,317,501"
2. Tài sản cố định thuê tài chính,,,,,,,,,,,,,,,,,,,,,,,,,,,,,,,,,,,,,,,,,,,,,,,,,,,,,,,,"48,949,497,856","50,892,018,578","49,090,620,224","47,256,946,706","45,423,273,188","43,589,599,670","19,407,706,391","18,828,787,751","18,122,320,721","17,415,853,691","16,709,386,661","16,002,919,631","9,846,812,792","9,539,099,894","9,231,386,996","8,923,674,098","8,615,961,200","8,308,248,302","8,000,535,404","7,692,822,506","7,385,109,608","7,077,396,710","-6,838,064","6,753,660,285","6,436,761,924"
- Nguyên giá,,,,,,,,,,,,,,,,,,,,,,,,,,,,,,,,,,,,,,,,,,,,,,,,,,,,,,,,"49,452,370,112","53,325,389,846","53,325,389,846","53,325,389,846","53,325,389,846","53,325,389,846","22,265,839,549","22,265,839,549","22,265,839,549","22,265,839,549","22,265,839,549","22,265,839,549","11,898,232,112","11,898,232,112","11,898,232,112","11,898,232,112","11,898,232,112","11,898,232,112","11,898,232,112","11,898,232,112","11,898,232,112","11,898,232,112",,"7,077,396,710","7,077,396,710"
- Giá trị hao mòn lũy kế,,,,,,,,,,,,,,,,,,,,,,,,,,,,,,,,,,,,,,,,,,,,,,,,,,,,,,,,"-502,872,256","-2,433,371,268","-4,234,769,622","-6,068,443,140","-7,902,116,658","-9,735,790,176","-2,858,133,158","-3,437,051,798","-4,143,518,828","-4,849,985,858","-5,556,452,888","-6,262,919,918","-2,051,419,320","-2,359,132,218","-2,666,845,116","-2,974,558,014","-3,282,270,912","-3,589,983,810","-3,897,696,708","-4,205,409,606","-4,513,122,504","-4,820,835,402","-6,838,064","-323,736,425","-640,634,786"
3. Tài sản cố định vô hình,,,,,,,,,,,,,,,,,,"57,030,478,025","57,030,478,025","57,030,478,025","48,427,400,393","48,427,400,393","48,427,400,393","48,427,400,393","39,824,322,761","39,824,322,761","39,824,322,761","39,824,322,761","31,221,245,129","31,221,245,129","31,221,245,129","31,221,245,129","23,535,857,275","23,535,857,275","23,535,857,275","23,535,857,275","933,651,902,778","933,651,902,778","933,651,902,778","933,651,902,778",,"906,852,180,780",,,"1,314,436,754,405","2,143,336,321,845","2,115,648,103,707","2,467,262,357,664","2,431,133,353,652","2,398,419,445,214","2,366,618,040,826","2,522,579,523,983","2,494,799,144,452","2,467,209,668,487","2,442,380,327,601","2,417,744,271,663","2,408,907,398,808","2,383,056,509,316","2,357,613,924,414","2,333,582,302,914","2,310,685,101,477","2,288,341,672,356","2,264,718,112,740","2,238,874,812,631","2,215,640,331,421","2,366,249,816,145","2,357,070,419,962","3,205,281,392,554","3,174,977,448,555","3,115,530,579,164","3,085,927,192,046","3,056,395,988,025","3,026,192,546,345","3,000,296,595,720","2,975,474,141,721","2,950,109,785,375","2,923,620,053,371","2,895,610,539,831","2,867,734,935,900","2,839,275,739,283"
- Nguyên giá,,,,,,,,,,,,,,,,,,"83,670,838,182","83,670,838,182","83,670,838,182","83,670,838,182","83,670,838,182","83,670,838,182","83,670,838,182","83,670,838,182","83,670,838,182","83,670,838,182","83,670,838,182","83,670,838,182","83,670,838,182","83,670,838,182","83,670,838,182","84,908,838,182","84,908,838,182","84,908,838,182","84,908,838,182","1,023,406,192,282","1,023,406,192,282","1,023,406,192,282","1,023,406,192,282",,"1,023,406,192,282",,,"1,489,862,334,572","2,351,778,511,155","2,351,778,511,155","2,730,343,757,617","2,730,343,757,617","2,730,343,757,617","2,730,343,757,617","2,908,852,635,686","2,908,882,635,686","2,908,882,635,686","2,909,024,471,346","2,909,264,471,347","2,925,996,777,760","2,925,996,777,761","2,925,996,777,761","2,925,996,777,761","2,925,996,777,760","2,924,758,777,760","2,924,616,942,100","2,924,616,942,100","2,924,616,942,101","3,102,512,017,101","3,100,952,941,953","3,978,114,504,858","3,979,294,679,920","3,950,579,332,789","3,950,585,014,606","3,950,585,014,606","3,950,585,014,606","3,950,585,014,606","3,950,585,014,606","3,950,585,014,606","3,950,585,014,607","3,950,585,014,607","3,950,585,014,607","3,950,585,014,607"
- Giá trị hao mòn lũy kế,,,,,,,,,,,,,,,,,,"-26,640,360,157","-26,640,360,157","-26,640,360,157","-35,243,437,789","-35,243,437,789","-35,243,437,789","-35,243,437,789","-43,846,515,421","-43,846,515,421","-43,846,515,421","-43,846,515,421","-52,449,593,053","-52,449,593,053","-52,449,593,053","-52,449,593,053","-61,372,980,907","-61,372,980,907","-61,372,980,907","-61,372,980,907","-89,754,289,504","-89,754,289,504","-89,754,289,504","-89,754,289,504",,"-116,554,011,502",,,"-175,425,580,167","-208,442,189,310","-236,130,407,448","-263,081,399,953","-299,210,403,965","-331,924,312,403","-363,725,716,791","-386,273,111,703","-414,083,491,234","-441,672,967,199","-466,644,143,745","-491,520,199,684","-517,089,378,952","-542,940,268,445","-568,382,853,347","-592,414,474,847","-615,311,676,283","-636,417,105,404","-659,898,829,360","-685,742,129,469","-708,976,610,680","-736,262,200,956","-743,882,521,991","-772,833,112,304","-804,317,231,365","-835,048,753,625","-864,657,822,560","-894,189,026,581","-924,392,468,261","-950,288,418,886","-975,110,872,885","-1,000,475,229,231","-1,026,964,961,236","-1,054,974,474,776","-1,082,850,078,707","-1,111,309,275,324"
III. Bất động sản đầu tư,,,,,,,,,,,,,,,,,,,,,,,,,,,,,,,,,,,,,,,,,,,,,,,,,,,,,,,,,,,,,,,,,,,,,,,,,,,,,,,,
- Nguyên giá,,,,,,,,,,,,,,,,,,,,,,,,,,,,,,,,,,,,,,,,,,,,,,,,,,,,,,,,,,,,,,,,,,,,,,,,,,,,,,,,
- Giá trị hao mòn lũy kế,,,,,,,,,,,,,,,,,,,,,,,,,,,,,,,,,,,,,,,,,,,,,,,,,,,,,,,,,,,,,,,,,,,,,,,,,,,,,,,,
IV. Tài sản dở dang dài hạn,,,,,,,,,,,,,,,,,,,,,,,,,,,,,,,,,,,,,,,,,,"1,041,068,333,366",,,"1,432,335,001,495","806,267,851,686","956,966,567,210","638,432,821,140","777,227,089,726","1,010,686,319,488","1,127,177,501,805","774,580,551,569","778,809,406,902","896,403,049,190","965,342,198,689","984,024,948,855","999,276,702,799","1,112,003,443,929","1,203,119,997,078","1,309,206,360,438","1,235,982,837,057","1,325,817,464,989","1,405,950,741,364","1,276,823,372,306","1,358,260,077,743","1,298,329,005,534","1,380,933,097,728","707,819,582,058","720,666,980,328","569,692,167,892","627,204,612,159","699,391,427,060","717,025,609,896","732,631,896,534","711,914,721,233","875,377,162,033","899,962,508,262","798,700,924,995","907,766,023,242","951,526,473,123"
"1. Chi phí sản xuất, kinh doanh dở dang dài hạn",,,,,,,,,,,,,,,,,,,,,,,,,,,,,,,,,,,,,,,,,,,,,,,,,,,,,,,"8,994,608,961","19,457,108,661","40,104,688,638","65,529,408,693","103,116,734,553","168,716,463,108","180,715,956,371","213,054,210,580","226,869,670,870",,,,,,,,,,,,,,,,,
2. Chi phí xây dựng cơ bản dở dang,,,,,,,,,,,,,,,,,,"6,269,977,273","6,269,977,273","6,269,977,273","18,361,558,684","18,361,558,684","18,361,558,684","18,361,558,684","177,681,123,545","177,681,123,545","177,681,123,545","177,681,123,545","541,407,938,924","541,407,938,924","541,407,938,924","541,407,938,924","960,623,266,726","960,623,266,726","960,623,266,726","960,623,266,726","737,513,349,252","737,513,349,252","737,513,349,252","737,513,349,252",,"1,041,068,333,366",,,"1,432,335,001,495","806,267,851,686","956,966,567,210","638,432,821,140","777,227,089,726","1,010,686,319,488","1,127,177,501,805","774,580,551,569","778,809,406,902","896,403,049,190","956,347,589,728","964,567,840,194","959,172,014,161","1,046,474,035,236","1,100,003,262,525","1,140,489,897,330","1,055,266,880,686","1,112,763,254,409","1,179,081,070,494","1,276,823,372,306","1,358,260,077,743","1,298,329,005,534","1,380,933,097,728","707,819,582,058","720,666,980,328","569,692,167,892","627,204,612,159","699,391,427,060","717,025,609,896","732,631,896,534","711,914,721,233","875,377,162,033","899,962,508,262","798,700,924,995","907,766,023,242","951,526,473,123"
V. Đầu tư tài chính dài hạn,,,,,,,,,,,,,,,,,,"6,517,649,499","6,517,649,499","6,517,649,499","9,336,394,145","9,336,394,145","9,336,394,145","9,336,394,145","11,858,840,506","11,858,840,506","11,858,840,506","11,858,840,506","8,018,390,068","8,018,390,068","8,018,390,068","8,018,390,068","10,343,581,298","10,343,581,298","10,343,581,298","10,343,581,298","10,152,255,988","10,152,255,988","10,152,255,988","10,152,255,988",,"8,677,125,966",,,"8,281,234,834","8,281,234,834","8,281,234,834","8,281,234,834","6,931,234,834","6,931,234,834","21,894,384,834","21,894,384,834","22,017,955,000","22,017,955,000","22,017,955,000","7,054,805,000","2,400,000,000","2,400,000,000","11,400,000,000","2,400,000,000","-9,750,723,433","-9,750,723,433","-20,111,438,138","-21,702,277,098","-22,536,646,490","-26,369,173,454","-24,895,287,083","-21,702,277,098","2,400,000,000","2,400,000,000","2,400,000,000","2,400,000,000","2,400,000,000","-1,014,988,305",,,,,,
1. Đầu tư vào công ty con,,,,,,,,,,,,,,,,,,,,,,,,,,,,,,,,,,,,,,,,,,,,,,,,,,,,,,,,,,,"9,000,000,000",,,,,,,,,,,,,,,,,,,,,
"2. Đầu tư vào công ty liên kết, liên doanh",,,,,,,,,,,,,,,,,,"4,117,649,499","4,117,649,499","4,117,649,499","6,936,394,145","6,936,394,145","6,936,394,145","6,936,394,145","8,858,840,506","8,858,840,506","8,858,840,506","8,858,840,506","4,418,390,068","4,418,390,068","4,418,390,068","4,418,390,068","6,593,581,298","6,593,581,298","6,593,581,298","6,593,581,298","6,402,255,988","6,402,255,988","6,402,255,988","6,402,255,988",,"4,927,125,966",,,"4,531,234,834","4,531,234,834","4,531,234,834","4,531,234,834","4,531,234,834","4,531,234,834","4,531,234,834","4,531,234,834","4,654,805,000","4,654,805,000","4,654,805,000","4,654,805,000",,,,,,,,,,,,,,,,,,,,,,,,
3. Đầu tư góp vốn vào đơn vị khác,,,,,,,,,,,,,,,,,,"2,400,000,000","2,400,000,000","2,400,000,000","2,400,000,000","2,400,000,000","2,400,000,000","2,400,000,000","3,000,000,000","3,000,000,000","3,000,000,000","3,000,000,000","3,600,000,000","3,600,000,000","3,600,000,000","3,600,000,000","3,750,000,000","3,750,000,000","3,750,000,000","3,750,000,000","3,750,000,000","3,750,000,000","3,750,000,000","3,750,000,000",,"3,750,000,000",,,"3,750,000,000","3,750,000,000","3,750,000,000","3,750,000,000","2,400,000,000","2,400,000,000","17,363,150,000","17,363,150,000","17,363,150,000","17,363,150,000","17,363,150,000","2,400,000,000","2,400,000,000","2,400,000,000","2,400,000,000","2,400,000,000","2,400,000,000","2,400,000,000","2,400,000,000","2,400,000,000","2,400,000,000","2,400,000,000","2,400,000,000","2,400,000,000","2,400,000,000","2,400,000,000","2,400,000,000","2,400,000,000","2,400,000,000",,,,,,,
4. Dự phòng đầu tư tài chính dài hạn,,,,,,,,,,,,,,,,,,,,,,,,,,,,,,,,,,,,,,,,,,,,,,,,,,,,,,,,,,,,,"-12,150,723,433","-12,150,723,433","-22,511,438,138","-24,102,277,098","-24,936,646,490","-28,769,173,454","-27,295,287,083","-24,102,277,098",,,,,,"-1,014,988,305",,,,,,
5. Đầu tư nắm giữ đến ngày đáo hạn,,,,,,,,,,,,,,,,,,,,,,,,,,,,,,,,,,,,,,,,,,,,,,,,,,,,,,,,,,,,,,,,,,,,,,,,,,,,,,,,
VI. Tài sản dài hạn khác,,,,,,,,,,,,,,,,,,"4,926,367,886","4,926,367,886","4,926,367,886","2,518,271,328","2,518,271,328","2,518,271,328","2,518,271,328","1,700,115,814","1,700,115,814","1,700,115,814","1,700,115,814","26,208,515,231","26,208,515,231","26,208,515,231","26,208,515,231","124,480,603,193","124,480,603,193","124,480,603,193","124,480,603,193","128,608,114,911","128,608,114,911","128,608,114,911","128,608,114,911",,"122,440,752,037",,,"129,491,832,111","121,380,599,564","136,774,750,441","136,413,912,809","131,545,849,275","126,410,258,761","155,819,069,405","152,786,339,009","153,231,706,331","145,681,956,862","143,846,799,464","157,097,232,895","172,873,156,125","176,912,958,586","176,736,843,763","205,098,573,527","217,978,105,665","71,198,101,411","72,434,638,697","92,305,831,667","59,682,417,858","56,847,462,424","55,544,927,114","86,025,879,174","86,944,134,949","91,909,504,231","85,300,137,213","80,256,438,297","64,322,262,404","62,135,244,919","55,200,949,241","58,982,537,061","60,841,256,130","60,446,819,979","57,551,227,502","54,692,471,942"
1. Chi phí trả trước dài hạn,,,,,,,,,,,,,,,,,,"4,926,367,886","4,926,367,886","4,926,367,886","2,518,271,328","2,518,271,328","2,518,271,328","2,518,271,328","1,700,115,814","1,700,115,814","1,700,115,814","1,700,115,814","24,319,583,493","24,319,583,493","24,319,583,493","24,319,583,493","115,693,874,199","115,693,874,199","115,693,874,199","115,693,874,199","111,047,551,318","111,047,551,318","111,047,551,318","111,047,551,318",,"105,349,580,324",,,"128,215,033,471","120,103,800,924","135,576,524,027","135,215,686,395","130,071,936,208","125,120,008,736","154,168,484,720","151,697,985,152","149,436,610,399","143,890,453,933","142,078,303,320","155,312,550,678","171,270,887,128","175,310,689,589","175,134,574,766","203,496,304,530","213,512,341,882","66,732,337,628","67,968,874,914","87,840,067,884","58,756,584,046","55,921,628,612","54,619,093,302","85,100,045,362","83,794,220,006","90,822,107,423","85,300,137,213","80,256,438,297","64,322,262,404","60,187,117,792","55,200,949,241","58,550,409,399","60,483,288,008","60,088,851,857","57,441,371,197","54,582,615,637"
2. Tài sản thuế thu nhập hoãn lại,,,,,,,,,,,,,,,,,,,,,,,,,,,,,"1,888,931,738","1,888,931,738","1,888,931,738","1,888,931,738","8,786,728,994","8,786,728,994","8,786,728,994","8,786,728,994","16,016,063,593","16,016,063,593","16,016,063,593","16,016,063,593",,"17,091,171,713",,,"1,276,798,640","1,276,798,640","1,198,226,414","1,198,226,414","1,473,913,067","1,290,250,025","1,650,584,685","1,088,353,857","3,795,095,932","1,791,502,929","1,768,496,144","1,784,682,217","1,602,268,997","1,602,268,997","1,602,268,997","1,602,268,997","4,465,763,783","4,465,763,783","4,465,763,783","4,465,763,783","925,833,812","925,833,812","925,833,812","925,833,812","3,149,914,943","1,087,396,808",,,,"1,948,127,127",,"432,127,662","357,968,122","357,968,122","109,856,305","109,856,305"
"3. Thiết bị, vật tư, phụ tùng thay thế dài hạn",,,,,,,,,,,,,,,,,,,,,,,,,,,,,,,,,,,,,,,,,,,,,,,,,,,,,,,,,,,,,,,,,,,,,,,,,,,,,,,,
4. Tài sản dài hạn khác,,,,,,,,,,,,,,,,,,,,,,,,,,,,,,,,,,,,,,,,,,,,,,,,,,,,,,,,,,,,,,,,,,,,,,,,,,,,,,,,
5. Lợi thế thương mại,,,,,,,,,,,,,,,,,,,,,,,,,,,,,,,,,,,,,,,,,,,,,,,,,,,,,,,,,,,,,,,,,,,,,,,,,,,,,,,,
TỔNG CỘNG TÀI SẢN,,,,,,,,,,,,,,,,,,"458,255,945,763","458,255,945,763","458,255,945,763","475,709,208,716","475,709,208,716","475,709,208,716","475,709,208,716","785,430,131,201","785,430,131,201","785,430,131,201","785,430,131,201","1,173,519,802,222","1,173,519,802,222","1,173,519,802,222","1,173,519,802,222","1,745,311,984,837","1,745,311,984,837","1,745,311,984,837","1,745,311,984,837","2,495,329,218,923","2,495,329,218,923","2,495,329,218,923","2,495,329,218,923",,"2,822,872,026,675",,,"3,421,334,914,619","3,703,948,458,979","3,807,020,480,835","3,858,412,277,838","3,916,347,980,491","4,338,749,135,025","4,564,643,929,168","4,328,571,650,075","4,267,489,485,025","4,252,174,533,491","4,412,314,735,353","4,441,774,495,377","4,383,277,849,105","4,491,819,151,958","4,505,609,927,174","4,566,110,111,498","4,615,203,278,586","4,460,073,937,652","4,613,348,942,701","4,555,100,802,517","4,489,488,382,402","4,701,675,358,427","4,610,946,979,385","4,740,537,836,089","4,782,178,749,735","4,562,616,164,377","4,567,721,044,377","4,525,224,833,116","4,484,282,841,478","4,537,393,873,746","4,571,696,951,458","4,543,704,382,860","4,568,501,550,556","4,556,833,487,955","4,584,401,410,002","4,591,975,946,268"
NGUỒN VỐN,,,,,,,,,,,,,,,,,,,,,,,,,,,,,,,,,,,,,,,,,,,,,,,,,,,,,,,,,,,,,,,,,,,,,,,,,,,,,,,,
C. NỢ PHẢI TRẢ,,,,,,,,,,,,,,,,,,"257,831,244,410","257,831,244,410","257,831,244,410","275,205,050,817","275,205,050,817","275,205,050,817","275,205,050,817","555,069,512,201","555,069,512,201","555,069,512,201","555,069,512,201","958,776,750,102","958,776,750,102","958,776,750,102","958,776,750,102","1,515,273,429,252","1,515,273,429,252","1,515,273,429,252","1,515,273,429,252","1,993,591,056,820","1,993,591,056,820","1,993,591,056,820","1,993,591,056,820",,"2,265,901,925,309",,,"2,791,317,034,613","2,962,074,526,175","2,944,003,182,935","2,962,591,286,051","3,051,458,943,035","2,958,010,916,063","3,199,518,473,988","2,915,585,132,307","2,833,850,721,297","2,797,813,419,449","2,906,335,191,748","2,963,803,365,471","2,887,438,344,480","2,982,697,684,600","3,062,651,836,785","3,109,171,770,388","3,140,211,314,174","3,142,628,312,538","3,251,836,107,761","3,195,354,899,455","3,137,952,160,824","3,401,681,069,179","3,323,478,787,252","3,503,008,580,067","3,501,907,407,508","3,255,024,503,373","3,230,517,443,542","3,168,898,534,929","3,136,974,183,898","3,147,936,450,159","3,166,171,078,495","3,121,995,390,762","3,126,441,396,832","3,090,099,963,720","3,080,281,712,965","3,061,636,228,973"
I. Nợ ngắn hạn,,,,,,,,,,,,,,,,,,"189,873,135,467","189,873,135,467","189,873,135,467","224,693,311,890","224,693,311,890","224,693,311,890","224,693,311,890","326,043,595,076","326,043,595,076","326,043,595,076","326,043,595,076","485,037,146,617","485,037,146,617","485,037,146,617","485,037,146,617","654,606,281,718","654,606,281,718","654,606,281,718","654,606,281,718","744,814,027,047","744,814,027,047","744,814,027,047","744,814,027,047",,"481,980,795,183",,,"772,682,378,638","783,745,769,488","658,399,723,531","555,368,557,966","669,878,921,285","574,879,263,779","629,893,579,132","631,406,758,148","575,952,514,876","556,303,005,004","547,785,970,375","634,148,386,913","613,852,584,741","563,469,481,686","762,446,886,642","645,386,218,722","739,126,162,065","744,912,630,023","774,391,274,300","727,424,232,001","575,715,266,506","549,879,121,127","489,080,006,062","543,870,462,539","580,126,431,001","581,342,927,413","570,867,635,520","604,545,129,220","551,713,426,015","518,229,823,377","537,503,728,548","714,555,386,503","608,920,927,453","613,629,768,208","670,415,676,265","824,848,233,511"
1. Phải trả người bán ngắn hạn,,,,,,,,,,,,,,,,,,"44,762,776,394","44,762,776,394","44,762,776,394","34,405,432,392","34,405,432,392","34,405,432,392","34,405,432,392","42,980,245,931","42,980,245,931","42,980,245,931","42,980,245,931","54,802,740,099","54,802,740,099","54,802,740,099","54,802,740,099","130,512,914,688","130,512,914,688","130,512,914,688","130,512,914,688","104,238,472,250","104,238,472,250","104,238,472,250","104,238,472,250",,"96,080,183,634",,,"150,615,545,889","146,863,828,030","151,896,631,399","151,165,871,881","134,055,081,814","100,927,890,164","83,777,006,454","96,131,685,266","80,867,787,446","79,612,632,372","112,214,129,711","110,019,426,786","93,088,594,468","118,727,588,373","142,034,592,855","191,060,704,759","145,073,710,530","141,357,737,334","131,606,349,018","147,256,009,408","132,338,801,876","120,773,192,038","127,196,240,357","147,624,654,939","136,825,359,102","103,310,988,518","115,256,054,843","110,928,519,378","110,422,989,759","106,710,634,762","106,402,878,008","121,374,006,648","121,446,203,337","131,304,370,674","137,810,018,095","153,423,373,266"
2. Người mua trả tiền trước ngắn hạn,,,,,,,,,,,,,,,,,,"58,437,798,843","58,437,798,843","58,437,798,843","54,679,277,900","54,679,277,900","54,679,277,900","54,679,277,900","52,401,153,061","52,401,153,061","52,401,153,061","52,401,153,061","69,124,535,618","69,124,535,618","69,124,535,618","69,124,535,618","31,317,268,035","31,317,268,035","31,317,268,035","31,317,268,035","25,421,339,431","25,421,339,431","25,421,339,431","25,421,339,431",,"67,705,850,614",,,"36,594,177,184","43,007,201,831","38,018,961,279","18,783,544,403","33,763,332,774","36,919,421,857","35,039,689,321","29,897,536,580","33,981,710,821","32,716,631,240","31,628,160,879","26,816,381,124","38,728,375,748","30,388,936,922","13,669,188,125","18,842,708,857","38,469,995,143","25,579,032,240","58,027,375,166","51,432,513,234","23,058,708,120","23,322,961,003","21,983,109,331","71,274,894,308","62,878,089,778","39,765,687,312","29,690,386,020","31,178,324,240","33,577,343,722","76,706,887,824","94,968,320,593","109,436,991,989","57,924,518,980","89,300,974,421","103,994,367,410","96,010,829,084"
3. Thuế và các khoản phải nộp nhà nước,,,,,,,,,,,,,,,,,,"12,881,843,518","12,881,843,518","12,881,843,518","12,655,555,462","12,655,555,462","12,655,555,462","12,655,555,462","16,921,692,091","16,921,692,091","16,921,692,091","16,921,692,091","17,985,363,183","17,985,363,183","17,985,363,183","17,985,363,183","31,590,842,420","31,590,842,420","31,590,842,420","31,590,842,420","28,254,196,977","28,254,196,977","28,254,196,977","28,254,196,977",,"34,299,997,188",,,"33,398,551,998","35,685,210,636","21,326,468,203","14,301,650,776","18,474,432,520","12,622,582,572","13,463,384,555","14,294,363,847","13,026,595,042","21,090,391,787","35,520,399,923","27,586,282,763","36,175,491,086","26,916,372,262","18,885,719,626","15,412,425,259","20,405,465,502","26,465,265,034","17,831,891,918","8,913,255,664","6,419,455,016","8,014,081,837","7,726,110,085","3,790,520,663","1,322,334,261","10,315,530,474","8,800,414,765","4,806,332,876","7,806,188,752","9,058,757,357","4,907,299,769","7,152,719,335","6,770,880,452","10,236,492,180","8,061,873,059","6,245,710,916"
4. Phải trả người lao động,,,,,,,,,,,,,,,,,,"2,010,441,167","2,010,441,167","2,010,441,167","3,994,716,375","3,994,716,375","3,994,716,375","3,994,716,375","3,904,217,090","3,904,217,090","3,904,217,090","3,904,217,090","5,815,662,623","5,815,662,623","5,815,662,623","5,815,662,623","6,247,637,051","6,247,637,051","6,247,637,051","6,247,637,051","9,703,730,527","9,703,730,527","9,703,730,527","9,703,730,527",,"5,660,136,699",,,"6,018,423,269","6,550,049,484","7,995,905,636","17,435,988,586","9,081,705,098","8,970,142,856","9,510,038,796","17,755,472,722","16,365,151,776","13,710,038,314","8,947,149,316","18,536,689,735","9,097,758,027","8,514,294,212","8,352,908,736","13,667,010,092","8,356,530,958","7,279,391,671","7,630,105,869","12,832,451,009","8,255,268,553","7,270,424,614","6,686,172,698","12,559,843,226","7,588,262,904","8,584,326,565","7,440,700,777","13,548,262,327","8,772,679,900","8,530,138,774","9,051,305,945","15,010,015,350","10,607,720,534","9,806,500,649","8,815,599,896","16,520,919,411"
5. Chi phí phải trả ngắn hạn,,,,,,,,,,,,,,,,,,"1,075,980,082","1,075,980,082","1,075,980,082","1,602,805,642","1,602,805,642","1,602,805,642","1,602,805,642","17,931,614,790","17,931,614,790","17,931,614,790","17,931,614,790","13,045,804,088","13,045,804,088","13,045,804,088","13,045,804,088","84,976,806,569","84,976,806,569","84,976,806,569","84,976,806,569","46,085,117,168","46,085,117,168","46,085,117,168","46,085,117,168",,"25,225,299,401",,,"96,339,878,707","121,205,999,118","115,887,949,224","82,566,653,026","96,548,966,046","123,281,479,430","146,699,881,673","132,269,962,393","102,877,476,176","108,615,200,407","120,264,493,807","88,174,335,056","93,708,080,308","89,412,967,208","82,651,222,587","22,051,788,344","2,391,192,497","5,785,551,746","51,236,079,627","80,732,321,606","5,071,424,502","41,265,325,959","27,430,384,774","27,708,752,284","44,502,134,081","39,372,101,490","42,774,165,500","39,008,088,885","39,185,161,033","34,990,156,605","39,224,492,162","35,867,184,448","19,711,872,632","12,903,180,603","14,764,619,981","17,581,533,832"
6. Phải trả nội bộ ngắn hạn,,,,,,,,,,,,,,,,,,,,,,,,,,,,,,,,,,,,,,,,,,,,,,,,,,"-272,192,607",,,,"2,686,040,618","25,158,591,241",,,,,,,,,,,,,,,,,,,,,,,,,
7. Phải trả theo tiến độ kế hoạch hợp đồng xây dựng,,,,,,,,,,,,,,,,,,,,,,,,,,,,,,,,,,,,,,,,,,,,,,,,,,,,,,,,,,,,,,,,,,,,,,,,,,,,,,,,
8. Doanh thu chưa thực hiện ngắn hạn,,,,,,,,,,,,,,,,,,,,,,,,,,,,,,,,,,,,,,,,,,,,,,,,,"700,000,000","413,636,365","127,272,724","770,000,000","770,000,000","350,000,000","590,000,000","1,809,673,469","1,490,256,031","1,064,801,487","42,359,074,968","89,704,023,330","118,135,527,077","149,172,571,819","175,435,841,227","60,882,681,341","72,202,082,552","26,799,289,887","26,415,237,997","12,124,515,292","11,860,385,003","9,803,039,210","10,302,361,156","8,070,534,930","7,562,634,438","7,562,634,438","5,197,843,149","7,025,556,549","88,656,873","4,006,800","199,963,272","190,777,812"
9. Phải trả ngắn hạn khác,,,,,,,,,,,,,,,,,,,,,,,,,,,,,,,,,,,,,,,,,,"38,244,092,177",,,"42,199,894,113","36,303,449,537","40,259,672,427","34,700,711,704","41,357,382,929","33,223,627,356","52,160,576,836","31,777,973,046","20,085,356,087","28,475,955,252","57,826,516,819","89,383,410,411","48,784,972,481","36,350,577,803","115,235,810,593","99,739,243,035","97,977,878,962","101,086,642,412","91,437,497,161","23,229,458,738","15,014,368,552","72,576,439,178","22,524,920,994","29,902,057,387","22,158,079,141","45,438,718,172","24,897,869,766","25,692,710,274","28,898,128,822","69,427,808,640","63,627,614,249","52,023,372,117","26,164,808,877","26,305,210,978","26,639,269,486","30,108,166,568"
10. Vay và nợ thuê tài chính ngắn hạn,,,,,,,,,,,,,,,,,,,,,,,,,,,,,,,,,,,,,,,,,,"211,099,940,629",,,"403,903,667,946","389,524,048,087","278,776,748,034","228,355,386,870","317,624,714,240","236,486,147,630","264,495,028,325","288,813,068,829","297,662,165,261","251,614,712,555","131,555,868,486","256,152,345,365","277,160,804,323","229,727,914,117","318,626,953,947","174,430,797,322","287,402,088,348","262,522,631,990","215,794,226,018","316,902,530,186","288,128,244,001","218,514,702,307","223,164,368,457","216,519,386,377","270,742,146,149","302,767,337,093","310,022,374,952","348,002,340,590","282,421,869,081","171,038,842,658","178,961,386,787","349,602,562,889","346,538,699,780","310,878,194,426","356,427,241,561","489,939,651,209"
11. Dự phòng phải trả ngắn hạn,,,,,,,,,,,,,,,,,,,,,,,,,,,,,,,,,,,,,,,,,,"3,503,717,212",,,"3,560,723,451","3,560,723,451","3,228,725,496","7,078,386,368","11,252,047,047","15,301,366,820","17,829,636,593","12,921,729,091","3,578,003,374","3,215,416,839","10,165,572,054","2,417,151,546","2,401,659,092","2,401,659,092",,,"497,687,003",,,,,,,,,,,"1,728,207,980","11,932,422,769","13,290,154,581","14,485,057,927","1,250,173,887","6,276,471,775","9,832,543,265","960,029,294","2,456,025,003"
12. Quỹ khen thưởng phúc lợi,,,,,,,,,,,,,,,,,,,,,"1,476,723,913","1,476,723,913","1,476,723,913","1,476,723,913",,,,,,,,,,,,,"-927,008,653","-927,008,653","-927,008,653","-927,008,653",,"161,577,629",,,"51,516,081","1,045,259,314","1,008,661,833","980,364,352","7,021,258,817","7,005,161,336","6,791,063,855","6,774,966,374","6,738,268,893","14,215,985,620","13,915,088,139","13,252,690,658","13,216,593,177","19,964,370,210","20,631,415,205","20,477,517,724","20,416,086,045","25,663,805,777","25,391,908,296","25,243,010,815","25,226,913,334","31,342,704,304","25,953,461,369","22,365,838,063","22,249,640,582","21,985,198,579","21,683,307,741","21,581,807,740","21,134,007,739","20,913,807,738","20,677,529,959","15,812,803,291","13,391,094,213","13,058,294,212","12,742,694,211","12,371,246,410"
13. Quỹ bình ổn giá,,,,,,,,,,,,,,,,,,,,,,,,,,,,,,,,,,,,,,,,,,,,,,,,,,,,,,,,,,,,,,,,,,,,,,,,,,,,,,,,
14. Giao dịch mua bán lại trái phiếu Chính phủ,,,,,,,,,,,,,,,,,,,,,,,,,,,,,,,,,,,,,,,,,,,,,,,,,,,,,,,,,,,,,,,,,,,,,,,,,,,,,,,,
II. Nợ dài hạn,,,,,,,,,,,,,,,,,,"67,958,108,943","67,958,108,943","67,958,108,943","50,511,738,927","50,511,738,927","50,511,738,927","50,511,738,927","229,025,917,125","229,025,917,125","229,025,917,125","229,025,917,125","473,739,603,485","473,739,603,485","473,739,603,485","473,739,603,485","860,667,147,534","860,667,147,534","860,667,147,534","860,667,147,534","1,248,777,029,773","1,248,777,029,773","1,248,777,029,773","1,248,777,029,773",,"1,783,921,130,126",,,"2,018,634,655,975","2,178,328,756,687","2,285,603,459,404","2,407,222,728,085","2,381,580,021,750","2,383,131,652,284","2,569,624,894,856","2,284,178,374,159","2,257,898,206,421","2,241,510,414,445","2,358,549,221,373","2,329,654,978,558","2,273,585,759,739","2,419,228,202,914","2,300,204,950,143","2,463,785,551,666","2,401,085,152,109","2,397,715,682,515","2,477,444,833,461","2,467,930,667,454","2,562,236,894,318","2,851,801,948,052","2,834,398,781,190","2,959,138,117,528","2,921,780,976,507","2,673,681,575,960","2,659,649,808,022","2,564,353,405,709","2,585,260,757,883","2,629,706,626,782","2,628,667,349,947","2,407,440,004,259","2,517,520,469,379","2,476,470,195,512","2,409,866,036,700","2,236,787,995,462"
1. Phải trả người bán dài hạn,,,,,,,,,,,,,,,,,,,,,,,,,,,,,,,,,,,,,"20,000,591,160","20,000,591,160","20,000,591,160","20,000,591,160",,"20,000,591,160",,,,,,,,,,,,,,,,,,,,,,,,,,,,,,,,,,,,,,
2. Người mua trả tiền trước dài hạn,,,,,,,,,,,,,,,,,,,,,,,,,,,,,,,,,,,,,,,,,,,,,,,,,,,,,,,,,,,,,,,,,,,,,,,,,,,,,"44,193,779,301","44,193,779,301","44,193,779,301","15,994,062,300"
3. Chi phí phải trả dài hạn,,,,,,,,,,,,,,,,,,,,,,,,,,,,,,,,,,,,,,,,,,,,,,,,,,,,,,,,,,,,"62,575,067,167","62,575,067,167","18,322,826,853","18,126,098,252",,"74,292,485,609","88,047,927,311","115,823,123,122","124,004,925,062","127,997,939,820","130,768,756,954","142,949,815,744","155,042,141,895","173,528,275,252","191,943,487,830","210,436,486,249","228,430,506,937","304,756,862,363","334,532,380,361","363,886,973,638","391,518,173,665"
4. Phải trả nội bộ về vốn kinh doanh,,,,,,,,,,,,,,,,,,,,,,,,,,,,,,,,,,,,,,,,,,,,,,,,,,,,"-64,335,437",,,,,,,,,,,,,,,,,,,,,,,,,,,,
5. Phải trả nội bộ dài hạn,,,,,,,,,,,,,,,,,,,,,,,,,,,,,,,,,,,,,,,,,,,,,,,,,,,,,,,"5,093,069,955",,,,,,,,,,,,,,,,,,,,,,,,,
6. Doanh thu chưa thực hiện dài hạn,,,,,,,,,,,,,,,,,,,,,,,,,,,,,,,,,,,,,,,,,,,,,,,,"700,000,000",,,,,,,,,,,,,,,,,,"47,528,523,915","46,586,282,430","45,644,040,945","45,644,040,945","43,849,295,259","42,951,922,359","42,054,549,459","41,157,176,559","39,171,203,331","35,269,045,467","32,036,058,676","37,584,458,364","36,703,858,869","35,823,259,374","34,942,659,879"
7. Phải trả dài hạn khác,,,,,,,,,,,,,,,,,,,,,,,,,,,,,"15,848,972,474","15,848,972,474","15,848,972,474","15,848,972,474","120,000,000,000","120,000,000,000","120,000,000,000","120,000,000,000",,,,,,,,,,,"105,000,000","105,000,000","315,000,000","315,000,000","315,000,000","315,000,000","315,000,000","210,000,000","210,000,000","342,000,000","342,000,000","342,000,000","132,000,000","132,000,000","132,000,000",,,,,,,,,,,,,,,,,,,
8. Vay và nợ thuê tài chính dài hạn,,,,,,,,,,,,,,,,,,"67,833,459,381","67,833,459,381","67,833,459,381","50,402,064,987","50,402,064,987","50,402,064,987","50,402,064,987","228,939,536,576","228,939,536,576","228,939,536,576","228,939,536,576","457,890,631,011","457,890,631,011","457,890,631,011","457,890,631,011","740,667,147,534","740,667,147,534","740,667,147,534","740,667,147,534","1,228,776,438,613","1,228,776,438,613","1,228,776,438,613","1,228,776,438,613",,"1,763,920,538,966",,,"2,018,634,655,975","2,178,328,756,687","2,272,472,783,667","2,384,972,728,085","2,354,896,604,568","2,351,524,817,920","2,533,094,643,310","2,256,574,609,596","2,224,763,277,732","2,206,585,510,756","2,316,030,924,162","2,289,072,490,539","2,240,715,415,193","2,385,276,652,398","2,265,687,235,255","2,368,382,810,018","2,288,732,863,233","2,314,701,791,217","2,424,251,918,562","2,451,044,473,801","2,466,154,497,279","2,693,043,241,313","2,646,781,120,125","2,770,517,517,225","2,710,691,142,108","2,454,531,292,083","2,420,110,702,348","2,330,730,036,404","2,328,985,836,404","2,356,100,592,424","2,339,099,993,424","2,108,419,179,623","2,094,024,177,838","2,022,670,883,350","1,928,812,969,679","1,759,849,512,736"
9. Trái phiếu chuyển đổi,,,,,,,,,,,,,,,,,,,,,,,,,,,,,,,,,,,,,,,,,,,,,,,,,,,,,,,,,,,,,,,,,,,,,,,,,,,,,,,,
10. Cổ phiếu ưu đãi,,,,,,,,,,,,,,,,,,,,,,,,,,,,,,,,,,,,,,,,,,,,,,,,,,,,,,,,,,,,,,,,,,,,,,,,,,,,,,,,
11. Thuế thu nhập hoãn lại phải trả,,,,,,,,,,,,,,,,,,,,,,,,,,,,,,,,,,,,,,,,,,,,,,,,,,,,,,,,,,,,,,,,,,,,,"12,282,667,447","13,934,624,668","17,620,290,398","16,768,011,310","21,017,798,614","21,919,672,143","18,864,439,198","23,775,525,978","21,350,917,554","22,759,019,672","14,485,107,685","18,875,312,923"
12. Dự phòng phải trả dài hạn,,,,,,,,,,,,,,,,,,,,,,,,,,,,,,,,,,,,,,,,,,,,,,,"13,025,675,737","21,445,000,000","26,368,417,182","31,291,834,364","36,215,251,546","27,353,100,000","32,819,928,689","34,714,903,689","37,215,227,256","40,240,488,019","32,528,344,546","33,609,550,516","34,385,714,888","32,695,674,481","49,645,221,709","64,691,064,445","35,066,816,647","16,886,193,653","21,789,911,430","23,182,255,513","25,208,255,513","18,971,634,296","25,165,186,187","30,597,606,996","36,017,077,173","19,758,666,641","20,571,671,054","20,571,671,054","24,997,385,609","14,778,733,045","15,610,273,959","15,610,273,959","22,663,947,023","15,608,273,959"
13. Quỹ phát triển khoa học và công nghệ,,,,,,,,,,,,,,,,,,,,,,,,,,,,,,,,,,,,,,,,,,,,,,,,,,,,,,,,,,,,,,,,,,,,,,,,,,,,,,,,
D.VỐN CHỦ SỞ HỮU,,,,,,,,,,,,,,,,,,"200,109,701,353","200,109,701,353","200,109,701,353","198,821,973,284","198,821,973,284","198,821,973,284","198,821,973,284","187,748,516,877","187,748,516,877","187,748,516,877","187,748,516,877","173,232,019,005","173,232,019,005","173,232,019,005","173,232,019,005","175,925,286,209","175,925,286,209","175,925,286,209","175,925,286,209","351,271,848,400","351,271,848,400","351,271,848,400","351,271,848,400",,"556,970,101,366",,,"630,017,880,006","741,873,932,804","863,017,297,900","895,820,991,787","864,889,037,456","1,380,738,218,962","1,365,125,455,180","1,412,986,517,768","1,433,638,763,728","1,454,361,114,042","1,505,979,543,605","1,477,971,129,906","1,495,839,504,625","1,509,121,467,358","1,442,958,090,389","1,456,938,341,110","1,474,991,964,412","1,317,445,625,114","1,361,512,834,940","1,359,745,903,062","1,351,536,221,578","1,299,994,289,248","1,287,468,192,133","1,237,529,256,022","1,280,271,342,227","1,307,591,661,004","1,337,203,600,835","1,356,326,298,187","1,347,308,657,580","1,389,457,423,587","1,405,525,872,963","1,421,708,992,098","1,442,060,153,724","1,466,733,524,235","1,504,119,697,036","1,530,339,717,295"
I. Vốn chủ sở hữu,,,,,,,,,,,,,,,,,,"197,702,822,612","197,702,822,612","197,702,822,612","198,821,973,284","198,821,973,284","198,821,973,284","198,821,973,284","187,748,516,877","187,748,516,877","187,748,516,877","187,748,516,877","173,232,019,005","173,232,019,005","173,232,019,005","173,232,019,005","175,925,286,209","175,925,286,209","175,925,286,209","175,925,286,209","351,271,848,400","351,271,848,400","351,271,848,400","351,271,848,400",,"556,970,101,366",,,"630,017,880,006","741,873,932,804","863,017,297,900","895,820,991,787","864,889,037,456","1,380,738,218,962","1,365,125,455,180","1,412,986,517,768","1,433,638,763,728","1,454,361,114,042","1,505,979,543,605","1,477,971,129,906","1,495,839,504,625","1,509,121,467,358","1,442,958,090,389","1,456,938,341,110","1,474,991,964,412","1,317,445,625,114","1,361,512,834,940","1,359,745,903,062","1,351,536,221,578","1,299,994,289,248","1,287,468,192,133","1,237,529,256,022","1,280,271,342,227","1,307,591,661,004","1,337,203,600,835","1,356,326,298,187","1,347,308,657,580","1,389,457,423,587","1,405,525,872,963","1,421,708,992,098","1,442,060,153,724","1,466,733,524,235","1,504,119,697,036","1,530,339,717,295"
1. Vốn góp của chủ sở hữu,,,,,,,,,,,,,,,,,,"150,000,000,000","150,000,000,000","150,000,000,000","150,000,000,000","150,000,000,000","150,000,000,000","150,000,000,000","150,000,000,000","150,000,000,000","150,000,000,000","150,000,000,000","150,000,000,000","150,000,000,000","150,000,000,000","150,000,000,000","150,000,000,000","150,000,000,000","150,000,000,000","150,000,000,000","329,999,970,000","329,999,970,000","329,999,970,000","329,999,970,000",,"329,999,970,000",,,"329,999,970,000","389,999,970,000","429,999,970,000","429,999,970,000","429,999,970,000","609,999,970,000","632,999,970,000","632,999,970,000","629,999,970,000","629,999,970,000","629,999,970,000","629,999,970,000","629,999,970,000","629,999,970,000","629,999,970,000","629,999,970,000","629,999,970,000","629,999,970,000","629,999,970,000","629,999,970,000","629,999,970,000","629,999,970,000","629,999,970,000","629,999,970,000","629,999,970,000","629,999,970,000","629,999,970,000","629,999,970,000","629,999,970,000","629,999,970,000","629,999,970,000","629,999,970,000","629,999,970,000","629,999,970,000","629,999,970,000","629,999,970,000"
- Cổ phiếu phổ thông có quyền biểu quyết,,,,,,,,,,,,,,,,,,,,,,,,,,,,,,,,,,,,,,,,,,"329,999,970,000",,,"329,999,970,000","389,999,970,000","429,999,970,000","429,999,970,000","429,999,970,000","609,999,970,000",,"632,999,970,000","629,999,970,000","629,999,970,000","629,999,970,000","629,999,970,000","629,999,970,000","629,999,970,000","629,999,970,000",,"629,999,970,000","629,999,970,000","629,999,970,000","629,999,970,000",,"629,999,970,000","629,999,970,000","629,999,970,000","629,999,970,000","629,999,970,000","629,999,970,000","629,999,970,000","629,999,970,000","629,999,970,000","629,999,970,000","629,999,970,000","629,999,970,000","629,999,970,000","629,999,970,000","629,999,970,000"
- Cổ phiếu ưu đãi,,,,,,,,,,,,,,,,,,,,,,,,,,,,,,,,,,,,,,,,,,,,,,,,,,,,,,,,,,,,,,,,,,,,,,,,,,,,,,,,
2. Thặng dư vốn cổ phần,,,,,,,,,,,,,,,,,,"2,431,670,000","2,431,670,000","2,431,670,000","2,431,670,000","2,431,670,000","2,431,670,000","2,431,670,000","8,468,567,877","8,468,567,877","8,468,567,877","8,468,567,877","9,537,781,581","9,537,781,581","9,537,781,581","9,537,781,581","10,194,388,098","10,194,388,098","10,194,388,098","10,194,388,098","9,550,139,279","9,550,139,279","9,550,139,279","9,550,139,279",,"9,550,139,279",,,"9,550,139,279","81,550,139,279","125,638,339,279","125,638,339,279","125,638,339,279","373,650,839,279","383,635,839,279","383,633,339,279","383,633,339,279","383,633,339,278","383,633,339,279","383,633,339,279","383,633,339,279","383,633,339,279","383,633,339,279","383,633,339,279","383,633,339,279","383,633,339,279","383,633,339,279","383,633,339,278","383,633,339,279","383,633,339,279","383,633,339,279","383,633,339,279","383,633,339,278","383,633,339,279","383,633,339,279","383,633,339,279","383,633,339,279","383,633,339,279","383,633,339,279","383,633,339,279","383,633,339,279","383,633,339,279","383,633,339,279","383,633,339,279"
3. Quyền chọn chuyển đổi trái phiếu,,,,,,,,,,,,,,,,,,,,,,,,,,,,,,,,,,,,,,,,,,,,,,,,,,,,,,,,,,,,,,,,,,,,,,,,,,,,,,,,
4. Vốn khác của chủ sở hữu,,,,,,,,,,,,,,,,,,,,,,,,,,,,,,,,,,,,,,,,,,,,,,,,,,,,,,,,,,,,,,,,,,,,,,,,,,,,,,,,
5. Cổ phiếu quỹ,,,,,,,,,,,,,,,,,,,,,,,,,,,,,,,,,,,,,,,,,,,,,,,,,,,,,,,,,,,,,,"-155,036,000,000","-155,036,000,000","-155,036,000,000","-155,036,000,000","-155,036,000,000","-155,036,000,000","-155,036,000,000","-155,036,000,000","-155,036,000,000","-155,036,000,000","-155,036,000,000","-155,036,000,000","-155,036,000,000","-155,036,000,000","-155,036,000,000","-155,036,000,000","-155,036,000,000","-155,036,000,000","-155,036,000,000"
6. Chênh lệch đánh giá lại tài sản,,,,,,,,,,,,,,,,,,,,,,,,,,,,,,,,,,,,,,,,,,,,,,,,,,,,,,,,,,,,,,,,,,,,,,,,,,,,,,,,
7. Chênh lệch tỷ giá hối đoái,,,,,,,,,,,,,,,,,,,,,,,,,,,,,,,,,,,,,,,,,,,,,,,,,,,,,,,,,,,,,,,,,,,,,,,,,,,,,,,,
8. Quỹ đầu tư phát triển,,,,,,,,,,,,,,,,,,"3,773,714,907","3,773,714,907","3,773,714,907","3,690,728,985","3,690,728,985","3,690,728,985","3,690,728,985","4,247,989,856","4,247,989,856","4,247,989,856","4,247,989,856","4,247,989,856","4,247,989,856","4,247,989,856","4,247,989,856","4,247,989,856","4,247,989,856","4,247,989,856","4,247,989,856","1,136,837,313","1,136,837,313","1,136,837,313","1,136,837,313",,"13,256,026,142",,,"13,256,026,142","14,783,537,213","14,783,537,213","14,783,537,213","20,694,669,159","20,394,669,159","20,394,669,159","20,394,669,159","20,394,669,159","27,888,483,367","27,888,483,367","27,888,483,367","27,888,483,367","34,652,357,881","36,602,709,265","36,602,709,265","36,602,709,265","42,816,188,539","42,816,188,539","42,816,188,539","42,816,188,539","50,629,721,216","50,629,721,216","50,629,721,216","50,629,721,216","52,417,483,418","52,417,483,418","52,417,483,418","52,417,483,418","55,814,434,295","55,814,434,295","55,814,434,295","53,512,973,319","53,512,973,319","53,512,973,319","53,512,973,319"
9. Quỹ hỗ trợ sắp xếp doanh nghiệp,,,,,,,,,,,,,,,,,,,,,,,,,,,,,,,,,,,,,,,,,,,,,,,,,,,,,,,,,,,,,,,,,,,,,,,,,,,,,,,,
10. Quỹ khác thuộc vốn chủ sở hữu,,,,,,,,,,,,,,,,,,,,,,,,,,,,,,,,,,,,,,,,,,,,,,,,,,,,,,,,,,,,,,,,,,,,,,,,,,,,,,,,
11. Lợi nhuận sau thuế chưa phân phối,,,,,,,,,,,,,,,,,,"41,452,956,003","41,452,956,003","41,452,956,003","35,645,106,320","35,645,106,320","35,645,106,320","35,645,106,320","16,584,338,987","16,584,338,987","16,584,338,987","16,584,338,987","998,627,411","998,627,411","998,627,411","998,627,411","3,035,288,098","3,035,288,098","3,035,288,098","3,035,288,098","1,000,444,338","1,000,444,338","1,000,444,338","1,000,444,338",,"31,827,047,595",,,"107,246,927,429","84,127,652,453","108,360,629,088","139,460,092,364","106,790,988,512","145,579,329,479","97,196,615,976","144,444,232,978","168,507,951,363","179,549,822,329","229,678,056,006","205,165,031,930","220,824,693,635","227,202,486,255","160,338,962,976","184,008,861,626","200,864,076,994","185,291,796,835","193,254,541,819","202,676,123,153","629,999,970,000","158,901,323,173","148,477,745,509","112,357,355,419","151,101,975,564","172,783,971,234","202,454,221,350","217,180,728,075","218,314,504,969","255,467,496,739","280,372,610,904","287,150,892,815","317,750,783,923","342,768,967,604","370,850,334,646","395,782,964,245"
- LNST chưa phân phối lũy kế đến cuối kỳ trước,,,,,,,,,,,,,,,,,,,,,,,,,,,,,,,,,,,,,,,,,,"48,483,535,071",,,"80,045,782,089","26,539,633,726","26,539,633,726","26,539,633,726","77,116,979,294","68,645,350,185",,"149,959,249,783","26,773,545,597","55,350,941,808","105,479,175,486","131,763,970,804","10,849,525,515","32,941,140,493","56,195,491,089",,"17,144,124,954","70,567,585,294","78,530,330,280","91,797,456,367",,"41,364,343,477","34,209,648,082","2,900,922,044","21,495,606,081","44,855,912,819","75,231,874,347","129,341,278,776","218,329,720,693","218,329,720,694","229,140,516,678","214,932,769,816","289,564,663,800","289,346,901,360","289,104,805,345","289,104,805,345"
- LNST chưa phân phối kỳ này,,,,,,,,,,,,,,,,,,,,,,,,,,,,,,,,,,,,,,,,,,"-16,656,487,476",,,"27,201,145,340","57,588,018,727","81,820,995,362","112,920,458,638","29,674,009,218","76,933,979,294",,"-5,515,016,805","141,734,405,766","124,198,880,521","124,198,880,520","73,401,061,126","209,975,168,120","194,261,345,762","104,143,471,887",,"183,719,952,040","114,724,211,541","114,724,211,539","110,878,666,786","193,518,575,734","117,536,979,696","114,268,097,427","109,456,433,375","129,606,369,483","127,928,058,415","127,222,347,003","87,839,449,299","-15,215,724","37,137,776,045","51,232,094,226","72,218,122,999","28,186,120,123","53,422,066,244","81,745,529,301","106,678,158,900"
12. Nguồn vốn đầu tư XDCB,,,,,,,,,,,,,,,,,,"11,120,427","11,120,427","11,120,427","11,120,427","11,120,427","11,120,427","11,120,427","11,120,427","11,120,427","11,120,427","11,120,427","11,120,427","11,120,427","11,120,427","11,120,427","11,120,427","11,120,427","11,120,427","11,120,427","11,120,427","11,120,427","11,120,427","11,120,427",,"11,120,427",,,"11,120,427","11,120,427","11,120,427","11,120,427","11,120,427","11,120,427","11,120,427","11,120,427","11,120,427","11,120,427","11,120,427","11,120,427","11,120,427","11,120,427","11,120,427","11,120,427","11,120,427","11,120,427","11,120,427","11,120,427","11,120,427","11,120,427","11,120,427","11,120,427","11,120,427","11,120,427","11,120,427","11,120,427","11,120,427","11,120,427","11,120,427","11,120,427","11,120,427","11,120,427","11,120,427","11,120,427"
13. Lợi ích cổ đông không kiểm soát,,,,,,,,,,,,,,,,,,,,,,,,,,,,,,,,,,,,,,,,,,"172,325,797,923",,,"169,953,696,729","171,401,513,432","184,223,701,893","185,927,932,504","181,753,950,079","231,102,290,618","230,887,240,339","231,503,185,925","231,091,713,501","233,278,378,641","234,768,574,527","231,273,184,903","233,481,897,917","233,622,193,516","232,371,988,442","222,682,340,513","223,880,748,447","230,729,210,034","266,833,674,876","255,645,161,665","231,544,575,446","231,854,815,153","229,752,295,702","215,933,749,681","219,931,215,742","223,781,776,646","223,723,466,360","228,119,656,988","217,968,239,487","219,567,062,847","210,730,398,058","220,135,235,282","212,187,966,776","211,843,153,606","221,147,959,365","222,435,350,025"
II. Nguồn kinh phí và quỹ khác,,,,,,,,,,,,,,,,,,"2,406,878,741","2,406,878,741","2,406,878,741",,,,,,,,,,,,,,,,,,,,,,,,,,,,,,,,,,,,,,,,,,,,,,,,,,,,,,,,,,,,
1. Nguồn kinh phí,,,,,,,,,,,,,,,,,,,,,,,,,,,,,,,,,,,,,,,,,,,,,,,,,,,,,,,,,,,,,,,,,,,,,,,,,,,,,,,,
2. Nguồn kinh phí đã hình thành TSCĐ,,,,,,,,,,,,,,,,,,,,,,,,,,,,,,,,,,,,,,,,,,,,,,,,,,,,,,,,,,,,,,,,,,,,,,,,,,,,,,,,
TỔNG CỘNG NGUỒN VỐN,,,,,,,,,,,,,,,,,,"458,255,945,763","458,255,945,763","458,255,945,763","475,709,208,716","475,709,208,716","475,709,208,716","475,709,208,716","785,430,131,201","785,430,131,201","785,430,131,201","785,430,131,201","1,173,519,802,222","1,173,519,802,222","1,173,519,802,222","1,173,519,802,222","1,745,311,984,837","1,745,311,984,837","1,745,311,984,837","1,745,311,984,837","2,495,329,218,923","2,495,329,218,923","2,495,329,218,923","2,495,329,218,923",,"2,822,872,026,675",,,"3,421,334,914,619","3,703,948,458,979","3,807,020,480,835","3,858,412,277,838","3,916,347,980,491","4,338,749,135,025","4,564,643,929,168","4,328,571,650,075","4,267,489,485,025","4,252,174,533,491","4,412,314,735,353","4,441,774,495,377","4,383,277,849,105","4,491,819,151,958","4,505,609,927,174","4,566,110,111,498","4,615,203,278,586","4,460,073,937,652","4,613,348,942,701","4,555,100,802,517","4,489,488,382,402","4,701,675,358,427","4,610,946,979,385","4,740,537,836,089","4,782,178,749,735","4,562,616,164,377","4,567,721,044,377","4,525,224,833,116","4,484,282,841,478","4,537,393,873,746","4,571,696,951,458","4,543,704,382,860","4,568,501,550,556","4,556,833,487,955","4,584,401,410,001","4,591,975,946,268"
